0.000000000000000000e+00 -2.250000000000000000e+01 0.000000000000000000e+00 -5.000000000000000000e-01 -5.000000000000000000e-01 -5.000000000000000000e-01 5.000000000000000000e-01
0.000000000000000000e+00 0.000000000000000000e+00 2.250000000000000355e+01 -7.071067811865475727e-01 -7.071067811865475727e-01 -4.329780281177467045e-17 -4.329780281177467045e-17
0.000000000000000000e+00 1.006654623709757246e+01 2.525962986724230674e+01 -6.988336826635394017e-01 -6.988336826635394017e-01 -1.078493577862914415e-01 1.078493577862913860e-01
0.000000000000000000e+00 2.113828997989126179e+01 3.225985147801967656e+01 -6.742079764108459550e-01 -6.742079764108459550e-01 -2.131750561017687895e-01 2.131750561017687617e-01
0.000000000000000000e+00 3.294444140721145686e+01 4.158266284590779094e+01 -6.716764230638609945e-01 -6.716764230638609945e-01 -2.210221316975683747e-01 2.210221316975683192e-01
0.000000000000000000e+00 4.521421069788860336e+01 5.131006198448238109e+01 -6.729951561125729897e-01 -6.729951561125729897e-01 -2.169735464267790459e-01 2.169735464267789904e-01
0.000000000000000000e+00 5.767680803075310081e+01 5.952404690731912495e+01 -6.924016835765980371e-01 -6.924016835765980371e-01 -1.434569920927269704e-01 1.434569920927269149e-01
0.000000000000000000e+00 7.006144358463534161e+01 6.430661562799372177e+01 -7.054870314423363764e-01 -7.054870314423363764e-01 -4.783354959314631977e-02 4.783354959314626426e-02
0.000000000000000000e+00 8.210876870717582676e+01 6.391388264765149785e+01 -7.043613430758571825e-01 -7.043613430758571825e-01 6.225028819511357198e-02 -6.225028819511364830e-02
0.000000000000000000e+00 9.369243833343220729e+01 5.862606663543482455e+01 -6.844864325651957015e-01 -6.844864325651957015e-01 1.774213167411737291e-01 -1.774213167411737568e-01
0.000000000000000000e+00 1.047719161645376005e+02 5.002925991725835075e+01 -6.648147499513232805e-01 -6.648147499513231695e-01 2.408762093839065810e-01 -2.408762093839066365e-01
0.000000000000000000e+00 1.153080960477265080e+02 3.973131937998289942e+01 -6.555029352293723077e-01 -6.555029352293723077e-01 2.651714575622297621e-01 -2.651714575622298731e-01
0.000000000000000000e+00 1.252618718302333605e+02 2.934010191046935390e+01 -6.575570395261931544e-01 -6.575570395261931544e-01 2.600360355211339125e-01 -2.600360355211340235e-01
0.000000000000000000e+00 1.345941373592926027e+02 2.046346439557855845e+01 -6.727540893251994225e-01 -6.727540893251994225e-01 2.177198550803798593e-01 -2.177198550803799426e-01
0.000000000000000000e+00 1.432691699502631764e+02 1.469274597628753121e+01 -6.907912505775928302e-01 -6.907912505775928302e-01 1.510213498994278924e-01 -1.510213498994280035e-01
0.000000000000000000e+00 1.514542550059757389e+02 1.262822104054436423e+01 -7.062521989098882180e-01 -7.062521989098882180e-01 3.475387079085912045e-02 -3.475387079085923148e-02
0.000000000000000000e+00 1.596313404648419123e+02 1.333401360910232114e+01 -7.044418981639276600e-01 -7.044418981639276600e-01 -6.133198277573202045e-02 6.133198277573193719e-02
0.000000000000000000e+00 1.683094420102695778e+02 1.574210573564414695e+01 -7.022158630266802648e-01 -7.022158630266802648e-01 -8.302338052437246985e-02 8.302338052437238658e-02
0.000000000000000000e+00 1.779975753256666167e+02 1.878447947385256356e+01 -7.004368435168741858e-01 -7.004368435168741858e-01 -9.689286993436570239e-02 9.689286993436561912e-02
0.000000000000000000e+00 1.892047560944408247e+02 2.139311687741027512e+01 -7.054373260055363248e-01 -7.054373260055363248e-01 -4.856108604797491207e-02 4.856108604797482881e-02
0.000000000000000000e+00 2.024400000000000546e+02 2.250000000000000711e+01 -7.071067811865475727e-01 -7.071067811865475727e-01 -9.714451465470119729e-17 1.297262042188472657e-17
